7125514 12001739
175606 2830841
589075 20526976
64143 1607014
2895 479238
29126 5703687
11819 688538
12309 482379
38730 1907528
70 112703
176708 4190360
196627 496658
42944 4194050
270129 1848815
848 146268
8719 1167002
28506 1592290
29154 3151377
87928 407999
1008 122918
893174 2116955
77 118715
37501 1183269
457362 4787088
19183 578443
4631322 9576663
15892 409510
30050 1100395
3910 1743878
414355 1469585
1853 494491
1028064 3468125
14447 5677259
2711334 24963690
4605 464199
262420 14624149
229484 777405
23729 1287865
9343 454209
1372375 10173466
113453 2685964
1756170 7235923
3536 461260
1676 203958
38736 3452831
10042079 10845305
3593952 6562377
1001 345125
416911 996125
17632 1478015
135826 1527076
23785 227059
2996697 4058821
10053 217830
17854 2129752
2260 352395
9677 5847512
2353738 4574215
99689 2959853
318218 697561
4434177 10981281
137109 4080258
1571617 3986439
10425 318943
7055 346844
529804 2808749
2204 384134
1872605 13833931
9503 656430
16501 906023
2120 267292
12955 252450
25835 345311
341259 1609829
135168 799634
237782 1958831
30177 853875
760396 10707480
32304 1949373
60174 3756880
837317 2221809
264881 7459851
230425 4395903
1835991 8100221
794883 3009569
3351 311039
3683 432151
21275 931415
19002 444676
838676 1482066
47408 878814
12141 2237355
156061 2916078
14868 215417
2432 295923
410 197116
2015190 4729933
5759 1979104
8372 1153906
79565 544192
31232 1657705
31179 315670
5929 348096
16975 5757382
2814974 6792894
27678 1080207
787365 2618951
145449 2730573
42381 260109
49036 646737
389110 6695421
97365 337867
1943196 8307580
281315 3905677
13378 1556541
26984 762186
1772 531837
37565 2417371
677548 3745248
736402 1439898
910004 8539173
320168 1467985
98688 3827158
178 169390
8085 724079
1166491 3114169
524 262591
139526 7607998
47724 1574049
32129 1603766
355244 756778
36965 9450935
275140 11608806
8680 181635
1790 152805
50837 721830
475687 11081879
195 140322
4801 208585
2688 476308
2939875 4297562
45811 2672219
2851 265691
506 362520
95044 5175560
1216 134340
190 241850
150397 3476010
1896 190978
1740 156322
13750 371103
1360 134681
27361 239989
145548 1259788
297746 8199280
34860 740621
3225004 9062687
178450 5472061
88940 3090463
943620 10359796
133273 1975018
755635 14610036
551601 5372688
3287 557602
507842 1030943
25873995 18367985
193 65508
354992 2304289
13615 1118016
51423 4045433
302083 1156866
66296 1376152
126800 3980887
18861 1279154
240659 5424555
234325 5494031
19006514 15063978
9408 416701
27439 551163
7817 2270623
6972 2109771
3364 190246
207945 3335388
1046 1029412
1375712 8821402
41497 370377
4377169 33142996
221449 537432
1652176 27695741
15487 1134617
129499 2084416
280894 3286104
3570 381715
66199 1150631
4133 697468
3379 509686
44940 9403046
58099 306047
2070904 4353063
2380 314629
64107 614944
1931730 20713083
50873 4362662
217 73811
18842632 15674618
390 443067
548569 19689529
13297 5696199
707832 1224976
5731561 15586473
9117 1821036
17249 1796328
86106 1043470
472 473251
8573 178273
14798 815633
1007899 15192843
145408 3139246
3669 195477
34282 1226892
35047 8758054
3164190 8849464
4935 568894
3867 334691
1247534 9107660
1173 180319
842857 4501102
3722 271821
58576 2255795
19532 1804567
517 111882
142 131899
179717 2599103
16265 6821079
491307 5021036
11280435 16362251
3286 359519
701041 1367540
9953 257885
24805 562891
61518 317586
15618 959782
495857 2183199
2432 655505
230264 13316074
2156986 5727047
262542 11596993
2469 142261
43674 400959
39412 3276015
